0
0
0
0
0
0
0
0
0
0
0
0
0
0
0
0
0
0
0
0
0
0
0
0
0
0
0
0
0
0
0
0
0
0
0
0
0
0
0
0
0
0
0
0
0
0
0
0
0
0
0
0
0.00265351
0.0250828
0.0512787
0.0528902
0.0566037
0.0594741
0.00447111
0.00427062
69.7106
69.7063
69.699
0.63067
0.000416031
69.7103
69.7107
-0.000261731
2.4081e-05
1.36152e-08
2.17807e-06
1.62861e-06
1.50649e-06
7.95321e-07
5.1571e-07
0
0
0
0
0
0
0
0
0
0.0740065
69.7021
0.0427395
0.0513871
0.0565379
0
0
0
0
0
0
0
0.000383625
0.000295308
0.000192784
9.61657e-05
69.71
69.7087
0.0411699
0.0262127
0.0671971
69.7062
69.6999
0
0
0
0
0
0
0
0
0
0
0
0
0
0
0
0
0
0
0
0
0
0
0
0
0
0
0
0.0146852
0.0212582
0.0182831
0.017564
0
0.0203242
0.035522
0.0401671
0.0116068
0.0478574
0.00936719
0.0656955
0.0300503
0.0726723
0.282365
69.707
69.7085
0.359327
0.347979
0.248738
69.7088
0.726824
0.185086
0.579838
0
0.430521
0
0
0
0
0.0456994
0.0216682
0.0393368
0.0159543
0.0104035
0.252049
0.0343925
0.088187
0.00231771
0.309396
0.136099
0.413467
0.000383625
0.000295308
0.000192784
9.61657e-05
0
0
0
69.7103
69.7107
69.7021
69.71
69.7087
69.7062
69.6999
69.707
69.7085
69.7088
0.0528902
0.0566037
0.0594741
0.0740065
0.0656955
0.00265351
0.0250828
0.00427062
0.0427395
0.0513871
0.0565379
0.017564
0.035522
0.0478574
0.0456994
-0.000261731
2.4081e-05
1.36161e-08
2.17807e-06
1.62861e-06
1.50649e-06
7.95322e-07
5.15711e-07
0.0146852
0.0212582
0.0182831
0.0203242
0.0401671
0.0116068
0.00936719
0.0300503
0.0726723
0.282365
0.359327
0.347979
0.248738
0.726824
0.185086
0.579838
0.430521
0.0216682
0.0393368
0.0159543
0.0104035
0.252049
0.0343925
0.088187
0.00231771
0.309396
0.136099
0.413467
0
0
0
0
0
0
0
0
0
0
0
0
0
0
0
0
0
0
0
0
0
0
0
0
0
0
0
0
0
0
0
0
0
0
0
0
0
0
0
0
0
0
0
0
0
0
0
0
0
0
0
0
0
0
0
0
0
0
0
0
0
0
0
0
0
0
0
0
